89 5 1 1 0
95 6 1 1 1
75 10 1 1 2
87 7 1 1 3
70 11 1 1 4
90 4 1 1 5
45 5 1 2 0
70 6 1 2 1
85 10 1 2 2
55 7 1 2 3
40 11 1 2 4
65 4 1 2 5
100 12 2 1 6
99 7 2 1 7
96 10 2 1 8
90 11 2 1 9
75 13 2 1 10
89 4 2 1 11
82 14 2 1 12
100 15 2 1 13
74 12 2 2 6
62 7 2 2 7
71 10 2 2 8
72 11 2 2 9
76 13 2 2 10
35 4 2 2 11
73 14 2 2 12
100 15 2 2 13
71 9 1 1 14
85 2 2 1 15
96 3 2 1 16
90 10 2 1 17
98 14 2 1 18
95 3 3 1 19
84 3 1 2 22
21 12 1 2 23
98 1 2 2 24
60 3 2 2 25
50 9 3 2 26
41 14 3 2 27
67 1 1 3 28
84 5 1 3 29
15 14 1 3 30
76 12 2 3 31
55 13 2 3 32
49 14 2 3 33
35 4 3 3 34
15 10 3 3 35
77 13 3 3 36
8 14 3 3 37
71 4 1 4 38
39 7 1 4 39
29 10 1 4 40
73 11 1 4 41
69 15 1 4 42
81 4 2 4 43
61 7 2 4 44
10 11 2 4 45
15 12 2 4 46
25 1 3 4 47
71 1 1 5 48
73 11 1 5 49
25 12 1 5 50
47 13 1 5 51
2 1 2 5 52
65 9 2 5 53
44 13 2 5 54
58 1 3 5 55
79 3 3 5 56
84 6 3 5 57
29 9 3 5 58
26 11 3 5 59
92 6 1 6 60
8 13 1 6 61
82 4 2 6 62
30 5 2 6 63
41 6 2 6 64
11 10 2 6 65
91 12 2 6 66
46 15 2 6 67
92 7 3 6 68
57 1 1 7 69
15 6 1 7 70
97 8 1 7 71
94 12 1 7 72
89 8 2 7 73
51 11 2 7 74
7 12 2 7 75
73 7 3 7 76
95 10 3 7 77
11 10 2 8 81
99 11 2 8 82
56 5 3 8 83
69 6 3 8 84
12 10 3 8 85
33 1 1 10 89
13 6 1 10 90
46 7 1 10 91
1 10 1 10 92
11 13 1 10 93
20 15 1 10 94
4 11 2 10 95
60 3 3 10 96
9 7 3 10 97
30 12 3 10 98
84 14 3 10 99
